function axesSDG = InitAxesSDG(handles)

default_colors = [...
    0.2  0.6  0.1;
    1.0  0.5  0.0;
    1.0  0.0  1.0;
    0.5  0.5  1.0;
    0.0  1.0  1.0;
    1.0  0.0  0.0;
    0.2  0.3  0.1;
    0.8  0.6  0.6;
    0.5  1.0  0.5;
    0.5  1.0  1.0;
    0.0  0.0  0.0;
    0.2  0.2  0.2;
    0.4  0.4  0.4;
    0.6  0.6  0.6;
    0.8  0.8  0.8 ...
];

rgb01 = [...
'#000000';'#0000FA';'#8F0000';'#A80000';'#C20000';'#DB0000';'#F50000';'#FF3030';'#FF6464';'#EB6464';'#EF904C';'#E0904C';'#E19B50';'#FFB432';'#FFC300';'#FFD732';'#FFD232';'#FFE650';'#FFF56E';'#B2FA5C';'#96F56E';'#84FB84';'#54BD54';'#329632';'#008000';'#00B200';'#00E600';'#6EE5A3';'#2CE0BC';'#52E4DC';'#32F1FF';'#00D7FF';'#50D6FF';'#50C2FF';'#32AAFF';'#3296FF';'#3296D7';'#7878E1';'#8C8CFF';'#C26EFF';'#AC3BFF';'#9300FF';'#8100E0';'#7300C7'];
% rgb01 = [...
%'#F389EF';'#B232B2';'#BE32BE';'#AD19EC';'#B24BE5';'#646496';'#7878E1';'#3296D7';'#3296FF';'#32AAFF';'#50C2FF';'#50D6FF';'#00D7FF';'#32F1FF';'#52E4DC';'#32B2B2';'#32BEBE';'#2CE0BC';'#6EE5A3';'#60BD89';'#329632';'#54BD54';'#84FB84';'#96F56E';'#B2FA5C';'#FFF56E';'#FFE650';'#FFD232';'#FFD732';'#FFC300';'#FFB432';'#E19B50';'#E0904C';'#EF904C';'#BE5A5A';'#D76464';'#EB6464';'#FF6464';'#CD4275';'#D24C75';'#D151B7';'#FF46C5';'#FF88A7';'#FFACB7'...
%];
%     rgb01 = [...
% '#FFACB7';
% '#FF88A7';
% '#FF46C5';
% '#D151B7';
% '#D24C75';
% '#CD4275';
% '#FF6464';
% '#EB6464';
% '#D76464';
% '#BE5A5A';
% '#EF904C';
% '#E0904C';
% '#E19B50';
% '#FFB432';
% '#FFC300';
% '#FFD732';
% '#FFD232';
% '#FFE650';
% '#FFF56E';
% '#B2FA5C';
% '#96F56E';
% '#84FB84';
% '#54BD54';
% '#329632';
% '#60BD89';
% '#6EE5A3';
% '#2CE0BC';
% '#32BEBE';
% '#32B2B2';
% '#52E4DC';
% '#32F1FF';
% '#00D7FF';
% '#50D6FF';
% '#50C2FF';
% '#32AAFF';
% '#3296FF';
% '#3296D7';
% '#7878E1';
% '#646496';
% '#B24BE5';
% '#AD19EC';
% '#BE32BE';
% '#B232B2';
% '#F389EF'...
% ];

axesSDG = struct(...
                 'handles', struct(...
                                   'axes', handles.axesSDG, ...
                                   'SD', [], ...
                                   'ch', [] ...
                                  ), ...
                 'iCh', [], ...
                 'iSrcDet', [], ...
                 'linecolor', rgb01...
               );
